0 Untitled
0 Name: portal gun.ldr
0 Author: LDraw
0 Unofficial Model
0 ROTATION CENTER 0 0 0 1 "Custom" 
0 ROTATION CONFIG 0 0
1 0 0 -12.5 0 0 0 1 0 -1 0 1 0 0 4519.dat
1 0 0 8 -5 -1 0 0 0 -1 0 0 0 1 4185.dat
1 0 0 8 -65 -1 0 0 0 -1 0 0 0 1 2994.dat
1 1 0 -12 30 -1 0 0 0 -1 0 0 0 1 6538a.dat
1 0 0 -12 50 0 0 -1 0 -1 0 -1 0 0 32062.dat
1 0 0 -12 80.5 -1 0 0 0 -1 0 0 0 1 32034.dat
1 0 0 8 60 0 1 0 -1 0 0 0 0 1 32034.dat
1 0 0 8 100 0 0 -1 0 1 0 1 0 0 4519.dat
1 0 0 8 120 0 1 0 1 0 0 0 0 -1 32039.dat
1 0 0 20 140 0 1 0 1 0 0 0 0 -1 32062.dat
1 7 0 20 60 0 1 0 1 0 0 0 0 -1 3749.dat
1 0 0 -12 156 0 0 1 0 1 0 -1 0 0 3706.dat
1 0 0 8 -10 0 0 1 0 1 0 -1 0 0 3706.dat
1 15 10 -43.1 208.7 -1 0 0 0 1 0 0 0 -1 54200.dat
1 15 -10 -43.1 208.7 -1 0 0 0 1 0 0 0 -1 54200.dat
1 15 -30 47.5 50 -1 0 0 0 1 0 0 0 -1 54200.dat
1 15 30 47.5 50 -1 0 0 0 1 0 0 0 -1 54200.dat
1 15 0 -12 208.7 -1 0 0 0 1 0 0 0 -1 4855.dat
1 15 0 -12 178.7 0 0 -1 0 1 0 1 0 0 4871.dat
1 15 31.209 -2.837 148.7 0 0.793353 -0.608761 0 0.608761 0.793353 1 0 0 3024.dat
1 15 -30.511 -3.011 148.7 0 -0.793353 -0.608761 0 0.608761 -0.793353 1 0 0 3024.dat
1 15 38.098 1.448 138.7 0 0.793353 0.608761 0 0.608761 -0.793353 -1 0 0 2419.dat
1 15 -36.962 1.468 138.7 0 -0.793353 -0.608761 0 0.608761 -0.793353 1 0 0 2419.dat
1 15 0 12 168.7 -1 0 0 0 1 0 0 0 -1 3747b.dat
1 15 0 -44 208.7 -1 0 0 0 1 0 0 0 -1 6069.dat
1 15 -30 -28.3 158.7 0 0 1 0 1 0 -1 0 0 3710.dat
1 15 30 -28.8 158.8 0 0 1 0 1 0 -1 0 0 3710.dat
1 15 -10 -52.9 178.6 0 0 1 0 1 0 -1 0 0 3298.dat
1 15 10 -52.9 178.6 0 0 -1 0 1 0 1 0 0 3298.dat
1 15 10 -52.9 138.6 0 0 -1 0 1 0 1 0 0 3298.dat
1 15 -0.2 -59.9 148.8 -1 0 0 0 1 0 0 0 -1 3794b.dat
1 1 -0.2 -67.9 148.7 -1 0 0 0 1 0 0 0 -1 4073.dat
1 15 0.4 -59.9 178.6 -1 0 0 0 1 0 0 0 -1 3068b.dat
1 15 -10 -52.9 138.6 0 0 1 0 1 0 -1 0 0 3298.dat
1 15 -30 -20.1 188.7 0 0 -1 0 1 0 1 0 0 3623.dat
1 15 30 -20.1 188.7 0 0 -1 0 1 0 1 0 0 3623.dat
1 15 0 -20 258.7 -1 0 0 0 1 0 0 0 -1 4859.dat
1 0 -11.5 -17.645 148 -0.608762 -0.793354 0 -0.793354 0.608762 0 0 0 -1 6541.dat
1 0 11.87 -17.653 148.062 -0.608094 0.792686 -0.0432462 0.793266 0.608849 0.00569347 0.0308436 -0.0308436 -0.999048 6541.dat
1 0 -19.7 -11.8 128 0 0 1 0 1 0 -1 0 0 32556.dat
1 0 20.3 -11.8 128 0 0 1 0 1 0 -1 0 0 32556.dat
1 0 0 30.5 80 1 0 0 0 -1 0 0 0 -1 32177.dat
1 15 0 46.5 10 -1 0 0 0 1 0 0 0 -1 4856.dat
1 15 30 22.5 20 0 0 1 0 1 0 -1 0 0 4865a.dat
1 15 -30 22.5 20 0 0 -1 0 1 0 1 0 0 4865a.dat
1 0 0 56 20 -1 0 0 0 1 0 0 0 -1 4032b.dat
1 0 0 42 20 0 -1 0 -1 0 0 0 0 -1 32062.dat
1 0 20 8.5 94 0 0 -1 -1 0 0 0 1 0 40244.dat
1 0 -20 8.5 94 0 0 -1 -1 0 0 0 1 0 40244.dat
1 7 -20 8 30 0 1 0 0 0 1 1 0 0 43093.dat
1 7 20 8 30 0 1 0 0 0 1 1 0 0 43093.dat
1 0 -20 8 14 0 0 1 -1 0 0 0 -1 0 6632.dat
1 0 -20 8 24.5 0 0 1 -1 0 0 0 -1 0 6632.dat
1 0 0 -22 168.5 -1 0 0 0 1 0 0 0 -1 32064a.dat
1 0 0 -11.5 127.5 0 0 1 1 0 0 0 1 0 32523.dat
1 7 -17.4 18.2 -10 0 0 -1 0 -1 0 -1 0 0 3749.dat
1 7 17 18.2 -10 0 0 -1 0 -1 0 -1 0 0 3749.dat
1 0 0 8 5 -1 0 0 0 -1 0 0 0 1 4185.dat
1 0 0 -13 -40.1 -1 0 0 0 1 0 0 0 -1 32015.dat
1 0 22.914 10.555 -40 -0.5 0.866025 0 0.866025 0.5 0 0 0 -1 4519.dat
1 0 0 -13 -40.1 -1 0 0 0 1 0 0 0 -1 3704.dat
1 0 15 -13 -40.1 0 0 -1 0 1 0 1 0 0 32123a.dat
1 0 -15 -13 -40.1 0 0 -1 0 1 0 1 0 0 32123a.dat
1 0 -24.266 11.616 -40.1 0.573576 -0.819152 0 0.819152 0.573576 0 0 0 1 4519.dat
1 0 0.3 -68.868 -63.124 0 1 0 0.382683 0 -0.92388 -0.92388 0 -0.382683 32013.dat
1 0 0.3 -43.8 -52.856 0 1 0 0.92388 0 0.382683 0.382683 0 -0.92388 32062.dat
1 7 0.3 -65.516 -73.051 0 1 0 0.382683 0 -0.92388 -0.92388 0 -0.382683 4274.dat
1 0 0.122 -62.476 -79.909 0.92388 0 0.382683 0.353553 -0.382683 -0.853554 0.146446 0.92388 -0.353554 3957a.dat
1 0 18.231 18.75 -40.076 0.5 -0.866025 0 -0.866025 -0.5 0 0 0 -1 32015.dat
1 0 10.731 31.74 -40.076 0 -0.866025 0.5 0 -0.5 -0.866025 1 0 0 32123a.dat
1 0 25.732 5.76 -40.076 0 -0.866025 0.5 0 -0.5 -0.866025 1 0 0 32123a.dat
1 0 66.464 46.945 -63.1 -0.331414 -0.5 0.800103 -0.191342 0.866025 0.46194 -0.92388 0 -0.382683 32013.dat
1 0 44.756 34.41 -52.832 -0.800103 -0.5 -0.331414 -0.46194 0.866025 -0.191342 0.382683 0 -0.92388 32062.dat
1 7 63.562 45.268 -73.027 -0.331414 -0.5 0.800103 -0.191342 0.866025 0.46194 -0.92388 0 -0.382683 4274.dat
1 0 61.018 43.593 -79.885 -0.768125 0.331414 0.547858 0.623327 0.191342 0.75819 0.146446 0.92388 -0.353554 3957a.dat
1 0 -18.297 19.893 -40.1 0.573576 0.819152 0 0.819152 -0.573576 0 0 0 -1 32015.dat
1 0 -26.9 7.604 -40.1 0 0.819152 0.573576 0 -0.573576 0.819152 1 0 0 32123a.dat
1 0 -9.697 32.18 -40.1 0 0.819152 0.573576 0 -0.573576 0.819152 1 0 0 32123a.dat
1 0 -64.232 51.695 -63.124 0.313476 -0.573576 -0.756798 -0.219498 -0.819152 0.529915 -0.92388 0 -0.382683 32013.dat
1 0 -43.7 37.318 -52.856 0.756798 -0.573576 0.313476 -0.529915 -0.819152 -0.219498 0.382683 0 -0.92388 32062.dat
1 7 -61.491 49.767 -73.051 0.313476 -0.573576 -0.756798 -0.219498 -0.819152 0.529915 -0.92388 0 -0.382683 4274.dat
1 0 -58.897 48.171 -79.909 -0.240302 -0.313476 -0.918689 -0.959588 0.219498 0.176103 0.146446 0.92388 -0.353554 3957a.dat
0
